2454246.0076787 300000.0000000 0.000011 0.000000 2.832089 1.368550 0.000000 0.000000 0.000000
2454246.0078061 300000.0000000 -0.010261 -0.003950 2.832684 1.362285 -0.018800 0.012026 0.000145
2454246.0079334 300000.0000000 -0.001747 -0.002679 2.833147 1.365355 -0.018800 0.024051 0.000578
2454246.0080607 300000.0000000 -0.005547 -0.012679 2.833280 1.367155 0.000000 0.036078 0.001302
2454246.0081880 300000.0000000 -0.000465 -0.003016 2.834429 1.363524 0.000000 0.048097 0.002313
2454246.0083153 300000.0000000 -0.002055 -0.001161 2.831530 1.361689 -0.009400 0.060122 0.003615
2454246.0084426 300000.0000000 -0.011225 -0.004058 2.835445 1.362528 0.000000 0.072149 0.005205
2454246.0085699 300000.0000000 -0.008792 -0.000255 2.834945 1.363882 -0.009400 0.084174 0.007085
2454246.0086972 300000.0000000 0.000190 -0.010029 2.836239 1.362677 -0.009400 0.096199 0.009254
2454246.0088246 300000.0000000 -0.005827 -0.014318 2.834804 1.363763 -0.009400 0.108225 0.011713
2454246.0089519 300000.0000000 -0.013933 -0.019269 2.840672 1.362432 -0.009400 0.120250 0.014460
2454246.0090792 300000.0000000 -0.001093 -0.011908 2.836001 1.367956 0.000000 0.132277 0.017497
2454246.0109081 300000.0000000 -0.016763 -0.026447 2.844168 1.364418 -0.009400 0.305009 0.093031
2454246.0110354 300000.0000000 -0.014643 -0.026095 2.843855 1.364879 -0.018800 0.317035 0.100511
2454246.0111627 300000.0000000 -0.019079 -0.019638 2.845424 1.362920 -0.018800 0.329061 0.108281
2454246.0112901 300000.0000000 -0.009706 -0.025284 2.843152 1.362731 -0.009400 0.341086 0.116340
2454246.0114174 300000.0000000 -0.024696 -0.022839 2.848172 1.359135 -0.018800 0.353111 0.124688
2454246.0115447 300000.0000000 -0.019543 -0.026528 2.849984 1.363526 -0.028200 0.365137 0.133325
2454246.0116720 300000.0000000 -0.017779 -0.028252 2.847011 1.358052 0.000000 0.377163 0.142252
2454246.0117993 300000.0000000 -0.017662 -0.025865 2.850468 1.360616 -0.009400 0.389188 0.151467
2454246.0119267 300000.0000000 -0.013145 -0.031023 2.847618 1.360730 -0.018800 0.401214 0.160973
2454246.0120540 300000.0000000 -0.019472 -0.019871 2.848262 1.364050 -0.018800 0.413239 0.170767
2454246.0121813 300000.0000000 -0.005435 -0.018488 2.849547 1.365316 0.000000 0.425266 0.180851
2454246.0123086 300000.0000000 -0.003815 -0.035574 2.849489 1.358104 -0.009400 0.437291 0.191223
2454246.0124360 300000.0000000 -0.014342 -0.014680 2.847075 1.364405 -0.047000 0.449316 0.201885
2454246.0141722 300000.0000000 -0.023007 -0.029181 2.851549 1.363034 -0.009400 0.613300 0.376137
2454246.0142995 300000.0000000 -0.007706 -0.031839 2.851874 1.360091 -0.028200 0.625326 0.391033
2454246.0144268 300000.0000000 -0.021182 -0.035179 2.854786 1.364151 -0.018800 0.637351 0.406217
2454246.0145542 300000.0000000 -0.022849 -0.028806 2.856346 1.359391 -0.018800 0.649378 0.421691
2454246.0146815 300000.0000000 -0.026862 -0.034012 2.852840 1.362102 -0.028200 0.661403 0.437454
2454246.0148088 300000.0000000 -0.021376 -0.032445 2.855615 1.362593 -0.028200 0.673428 0.453505
2454246.0149361 300000.0000000 -0.006850 -0.036602 2.852752 1.359032 -0.009400 0.685454 0.469848
2454246.0150635 300000.0000000 -0.025357 -0.035297 2.857945 1.360252 -0.028200 0.697480 0.486478
2454246.0151908 300000.0000000 -0.008203 -0.031957 2.855763 1.363352 -0.028200 0.709506 0.503398
2454246.0153181 300000.0000000 -0.010755 -0.039684 2.858457 1.356245 -0.009400 0.721531 0.520607
2454246.0154454 300000.0000000 -0.009004 -0.032785 2.856862 1.363063 -0.028200 0.733550 0.538096
2454246.0155727 300000.0000000 -0.026991 -0.028747 2.860202 1.360937 -0.037600 0.745577 0.555885
2454246.0157000 300000.0000000 -0.024652 -0.041453 2.855099 1.363693 -0.009400 0.757602 0.573961
2454246.0174363 300000.0000000 -0.025788 -0.035791 2.863635 1.361232 -0.047000 0.921592 0.849331
2454246.0175636 300000.0000000 -0.024405 -0.033133 2.862697 1.363919 -0.028200 0.933617 0.871640
2454246.0176909 300000.0000000 -0.008180 -0.032240 2.863325 1.361471 -0.009400 0.945643 0.894241
2454246.0178183 300000.0000000 -0.024867 -0.046894 2.866258 1.354956 -0.037600 0.957668 0.917128
2454246.0179456 300000.0000000 -0.022237 -0.047539 2.867764 1.359812 -0.018800 0.969694 0.940307
2454246.0180729 300000.0000000 -0.023653 -0.040401 2.867714 1.360371 0.000000 0.981720 0.963774
2454246.0182002 300000.0000000 -0.019226 -0.037895 2.866555 1.362365 -0.028200 0.993745 0.987529
2454246.0183276 300000.0000000 -0.012805 -0.039482 2.866941 1.363749 -0.018800 1.005771 1.011575
2454246.0184549 300000.0000000 -0.004948 -0.029756 2.868059 1.363552 -0.009400 1.017796 1.035909
2454246.0185822 300000.0000000 -0.007274 -0.037094 2.867555 1.362478 -0.009400 1.029822 1.060534
2454246.0187095 300000.0000000 -0.023335 -0.045163 2.870783 1.360150 -0.018800 1.041848 1.085447
2454246.0188368 300000.0000000 -0.014591 -0.042041 2.867560 1.361944 -0.028200 1.053873 1.110648
2454246.0189642 300000.0000000 -0.010393 -0.038562 2.869368 1.360776 -0.037600 1.065899 1.136141
2454246.0207004 300000.0000000 -0.016735 -0.034996 2.873024 1.359274 -0.037600 1.229883 1.512613
2454246.0208277 300000.0000000 -0.009666 -0.030680 2.872880 1.360922 -0.009400 1.241908 1.542336
2454246.0209550 300000.0000000 -0.007024 -0.031822 2.872165 1.359783 -0.047000 1.253935 1.572352
2454246.0210824 300000.0000000 -0.019154 -0.039880 2.873259 1.359511 -0.037600 1.265960 1.602654
2454246.0212096 300000.0000000 -0.002681 -0.033072 2.872737 1.364096 -0.009400 1.277979 1.633231
2454246.0213370 300000.0000000 -0.005734 -0.028132 2.870250 1.361419 -0.037600 1.290006 1.664114
2454246.0214643 300000.0000000 -0.015038 -0.033232 2.872169 1.358420 -0.047000 1.302031 1.695284
2454246.0215916 300000.0000000 -0.018087 -0.035459 2.874306 1.359259 -0.047000 1.314056 1.726743
2454246.0217189 300000.0000000 -0.027787 -0.023909 2.873412 1.362171 -0.028200 1.326082 1.758494
2454246.0218463 300000.0000000 -0.020005 -0.038470 2.872297 1.360330 -0.009400 1.338107 1.790531
2454246.0219736 300000.0000000 -0.028066 -0.037187 2.872242 1.367096 -0.028200 1.350134 1.822861
2454246.0221009 300000.0000000 -0.010453 -0.028231 2.877953 1.359338 -0.037600 1.362159 1.855477
2454246.0222282 300000.0000000 -0.019357 -0.040071 2.871352 1.365194 -0.037600 1.374184 1.888382
2454246.0239645 300000.0000000 -0.019876 -0.021682 2.878494 1.362848 -0.018800 1.538174 2.365979
2454246.0240918 300000.0000000 -0.016863 -0.034945 2.876798 1.364081 -0.037600 1.550200 2.403120
2454246.0242192 300000.0000000 0.001897 -0.026731 2.877336 1.363764 -0.028200 1.562225 2.440548
2454246.0243465 300000.0000000 -0.008217 -0.022040 2.882399 1.359776 -0.037600 1.574251 2.478267
2454246.0244738 300000.0000000 -0.021165 -0.029957 2.880962 1.365122 -0.037600 1.586277 2.516273
2454246.0246011 300000.0000000 -0.019233 -0.028671 2.877931 1.361852 -0.009400 1.598302 2.554569
2454246.0247284 300000.0000000 -0.009456 -0.020937 2.877588 1.364630 -0.028200 1.610328 2.593156
2454246.0248558 300000.0000000 -0.018754 -0.031566 2.878336 1.362086 -0.028200 1.622353 2.632030
2454246.0249831 300000.0000000 -0.013864 -0.028199 2.874150 1.367086 -0.047000 1.634378 2.671193
2454246.0251104 300000.0000000 -0.026453 -0.024959 2.877142 1.357702 -0.028200 1.646405 2.710648
2454246.0252377 300000.0000000 -0.010789 -0.028906 2.878022 1.366082 -0.037600 1.658430 2.750390
2454246.0253651 300000.0000000 -0.004213 -0.023183 2.877581 1.359483 -0.047000 1.670456 2.790423
2454246.0254924 300000.0000000 -0.011459 -0.027035 2.879567 1.361156 -0.018800 1.682481 2.830743
2454246.0272286 300000.0000000 -0.026783 -0.025665 2.879397 1.361181 -0.047000 1.846460 3.409413
2454246.0273559 300000.0000000 0.000549 -0.015021 2.882795 1.360474 -0.028200 1.858485 3.453966
2454246.0274832 300000.0000000 -0.004234 -0.022814 2.882234 1.363478 -0.018800 1.870511 3.498812
2454246.0276105 300000.0000000 -0.002607 -0.022466 2.880511 1.362281 -0.028200 1.882536 3.543943
2454246.0277378 300000.0000000 0.001420 -0.014257 2.882334 1.364473 -0.028200 1.894562 3.589367
2454246.0278652 300000.0000000 -0.009527 -0.020677 2.882929 1.362984 -0.018800 1.906588 3.635077
2454246.0279925 300000.0000000 -0.011668 -0.016578 2.882117 1.367313 -0.037600 1.918613 3.681076
2454246.0281198 300000.0000000 -0.001171 -0.024912 2.882637 1.362042 -0.037600 1.930639 3.727367
2454246.0282471 300000.0000000 0.001180 -0.011976 2.883045 1.361390 -0.028200 1.942664 3.773945
2454246.0283745 300000.0000000 -0.000038 -0.023057 2.884139 1.363992 -0.028200 1.954691 3.820815
2454246.0285018 300000.0000000 -0.013131 -0.016254 2.882768 1.364069 -0.037600 1.966716 3.867971
2454246.0286291 300000.0000000 -0.005853 -0.008845 2.879961 1.363148 -0.018800 1.978741 3.915416
2454246.0287564 300000.0000000 -0.003262 -0.031256 2.883781 1.365164 -0.018800 1.990767 3.963154
2454246.0304927 300000.0000000 -0.024134 -0.015374 2.886302 1.362340 -0.037600 2.154757 4.642977
2454246.0306200 300000.0000000 -0.015681 -0.007960 2.887896 1.363037 -0.037600 2.166782 4.694945
2454246.0307474 300000.0000000 -0.012427 -0.016976 2.886607 1.368183 -0.047000 2.178807 4.747201
2454246.0308747 300000.0000000 -0.001152 -0.009802 2.887136 1.364760 -0.047000 2.190834 4.799752
2454246.0310020 300000.0000000 -0.004376 -0.015695 2.885555 1.365347 -0.028200 2.202859 4.852587
2454246.0311293 300000.0000000 -0.009869 -0.011325 2.886918 1.363518 -0.018800 2.214885 4.905715
2454246.0312567 300000.0000000 -0.006588 -0.007401 2.886784 1.364423 -0.037600 2.226910 4.959129
2454246.0313840 300000.0000000 -0.006020 -0.014901 2.889956 1.360539 -0.037600 2.238936 5.012836
2454246.0315113 300000.0000000 -0.004116 -0.016132 2.888887 1.368409 -0.028200 2.250962 5.066828
2454246.0316386 300000.0000000 0.004757 -0.009000 2.885920 1.362415 -0.037600 2.262987 5.121109
2454246.0317660 300000.0000000 -0.014855 -0.011647 2.886967 1.369665 -0.047000 2.275013 5.175684
2454246.0318933 300000.0000000 -0.014584 -0.008813 2.889332 1.363797 -0.056400 2.287038 5.230544
2454246.0320206 300000.0000000 -0.008800 -0.020338 2.891072 1.366603 -0.037600 2.299063 5.285693
2454246.0337568 300000.0000000 -0.003258 -0.012229 2.888512 1.366971 -0.028200 2.463042 6.066575
2454246.0338841 300000.0000000 -0.003342 -0.006938 2.889353 1.363119 -0.028200 2.475068 6.125962
2454246.0340114 300000.0000000 -0.018313 -0.003151 2.886979 1.366809 -0.028200 2.487093 6.185633
2454246.0341387 300000.0000000 -0.014334 -0.002561 2.889167 1.365382 -0.028200 2.499118 6.245593
2454246.0342661 300000.0000000 0.009653 -0.002708 2.891393 1.363660 -0.018800 2.511145 6.305848
2454246.0343934 300000.0000000 -0.012478 -0.013981 2.887782 1.363244 -0.037600 2.523170 6.366386
2454246.0345207 300000.0000000 -0.009524 -0.004579 2.887207 1.364989 -0.037600 2.535196 6.427219
2454246.0346480 300000.0000000 -0.006969 -0.009240 2.887518 1.367587 -0.028200 2.547221 6.488336
2454246.0347753 300000.0000000 0.004708 -0.006315 2.886057 1.364452 -0.018800 2.559246 6.549743
2454246.0349027 300000.0000000 -0.009407 -0.004704 2.890932 1.365559 -0.028200 2.571273 6.611443
2454246.0350300 300000.0000000 0.001772 -0.005559 2.887703 1.364733 -0.028200 2.583298 6.673428
2454246.0351573 300000.0000000 -0.016269 0.001100 2.889694 1.367142 -0.018800 2.595324 6.735707
2454246.0352847 300000.0000000 -0.004894 0.002114 2.886639 1.369539 -0.028200 2.607349 6.798271
2454246.0370209 300000.0000000 -0.015735 -0.004416 2.886188 1.367022 -0.047000 2.771339 7.680320
2454246.0371482 300000.0000000 0.001210 0.000631 2.889343 1.364764 -0.037600 2.783364 7.747117
2454246.0372756 300000.0000000 0.007721 0.006111 2.887386 1.366412 -0.047000 2.795390 7.814208
2454246.0704491 300000.0000000 -0.045909 0.080893 2.829768 1.912895 -0.009400 -0.354596 0.125738
2454246.0705764 300000.0000000 -0.056572 0.072452 2.826488 1.918936 -0.018800 -0.342570 0.117355
2454246.0707037 300000.0000000 -0.048820 0.076315 2.830491 1.914993 -0.009400 -0.330545 0.109260
2454246.0708310 300000.0000000 -0.047247 0.078726 2.827528 1.915160 -0.009400 -0.318519 0.101454
2454246.0709584 300000.0000000 -0.055172 0.076054 2.832207 1.919184 -0.018800 -0.306494 0.093938
2454246.0710857 300000.0000000 -0.059851 0.079266 2.833352 1.913109 0.000000 -0.294468 0.086711
2454246.0712130 300000.0000000 -0.052211 0.084985 2.833555 1.918358 0.000000 -0.282442 0.079774
2454246.0713403 300000.0000000 -0.064594 0.074091 2.830833 1.919715 0.000000 -0.270417 0.073125
2454246.0714677 300000.0000000 -0.051540 0.066109 2.833751 1.910554 -0.037600 -0.258391 0.066766
2454246.0715950 300000.0000000 -0.048505 0.081279 2.831057 1.914753 -0.018800 -0.246366 0.060696
2454246.0733311 300000.0000000 -0.047283 0.066266 2.839544 1.913470 -0.009400 -0.082387 0.006788
2454246.0734585 300000.0000000 -0.048146 0.069794 2.840949 1.912104 0.000000 -0.070362 0.004951
2454246.0735858 300000.0000000 -0.058935 0.068437 2.840707 1.911857 0.000000 -0.058336 0.003403
2454246.0737131 300000.0000000 -0.055434 0.065433 2.844933 1.907184 -0.009400 -0.046311 0.002145
2454246.0738404 300000.0000000 -0.063456 0.072587 2.846475 1.913133 -0.009400 -0.034285 0.001175
2454246.0739678 300000.0000000 -0.048891 0.077379 2.843263 1.916056 -0.018800 -0.022259 0.000495
2454246.0740951 300000.0000000 -0.048685 0.063797 2.841622 1.914172 -0.009400 -0.010234 0.000105
2454246.0742224 300000.0000000 -0.060179 0.071379 2.843746 1.911468 -0.028200 0.001792 0.000003
2454246.0743497 300000.0000000 -0.049917 0.071892 2.844377 1.910036 -0.028200 0.013817 0.000191
2454246.0744771 300000.0000000 -0.043835 0.074641 2.842060 1.915989 -0.018800 0.025844 0.000668
2454246.0746044 300000.0000000 -0.047031 0.073779 2.844027 1.909610 -0.009400 0.037869 0.001434
2454246.0747317 300000.0000000 -0.048259 0.068135 2.844972 1.910521 -0.028200 0.049894 0.002489
2454246.0748590 300000.0000000 -0.050019 0.072400 2.845307 1.917079 -0.018800 0.061920 0.003834
2454246.0765953 300000.0000000 -0.051694 0.071710 2.850927 1.912127 -0.028200 0.225910 0.051035
2454246.0767226 300000.0000000 -0.048718 0.076390 2.853374 1.908105 -0.018800 0.237935 0.056613
2454246.0768500 300000.0000000 -0.066605 0.061292 2.853044 1.912396 -0.009400 0.249960 0.062480
2454246.0769773 300000.0000000 -0.042168 0.066985 2.856000 1.915226 -0.028200 0.261986 0.068637
2454246.0771046 300000.0000000 -0.055928 0.067260 2.856756 1.911265 -0.028200 0.274012 0.075082
2454246.0772319 300000.0000000 -0.048535 0.067205 2.854396 1.911146 -0.018800 0.286038 0.081818
2454246.0773592 300000.0000000 -0.056255 0.065770 2.853706 1.917512 -0.009400 0.298063 0.088842
2454246.0774866 300000.0000000 -0.040918 0.068176 2.855469 1.915234 -0.028200 0.310088 0.096155
2454246.0776139 300000.0000000 -0.062671 0.064535 2.858612 1.906763 -0.009400 0.322115 0.103758
2454246.0777412 300000.0000000 -0.054828 0.062414 2.859184 1.914134 -0.018800 0.334140 0.111649
2454246.0778686 300000.0000000 -0.045666 0.066473 2.857676 1.917430 -0.028200 0.346166 0.119831
2454246.0779959 300000.0000000 -0.048025 0.062004 2.857608 1.910484 -0.018800 0.358191 0.128301
2454246.0781232 300000.0000000 -0.059642 0.063517 2.859633 1.911860 -0.009400 0.370216 0.137060
2454246.0798593 300000.0000000 -0.050533 0.069072 2.863263 1.916846 -0.009400 0.534195 0.285364
2454246.0799867 300000.0000000 -0.043540 0.061021 2.863893 1.915271 -0.028200 0.546221 0.298357
2454246.0801140 300000.0000000 -0.059074 0.059308 2.865879 1.908719 -0.018800 0.558246 0.311639
2454246.0802413 300000.0000000 -0.055740 0.065659 2.865698 1.911274 -0.018800 0.570271 0.325210
2454246.0803687 300000.0000000 -0.039098 0.062732 2.865187 1.919910 -0.018800 0.582298 0.339071
2454246.0804960 300000.0000000 -0.041633 0.061077 2.865365 1.914272 -0.037600 0.594323 0.353220
2454246.0806233 300000.0000000 -0.062837 0.068514 2.866396 1.913359 -0.018800 0.606349 0.367659
2454246.0807506 300000.0000000 -0.051433 0.068674 2.865533 1.913910 -0.037600 0.618374 0.382387
2454246.0808779 300000.0000000 -0.055167 0.067158 2.869548 1.913216 -0.047000 0.630400 0.397404
2454246.0810053 300000.0000000 -0.054137 0.064186 2.866053 1.910304 -0.018800 0.642426 0.412711
2454246.0811326 300000.0000000 -0.046322 0.058917 2.870367 1.907902 -0.028200 0.654451 0.428306
2454246.0812599 300000.0000000 -0.041142 0.065206 2.869110 1.910792 -0.009400 0.666477 0.444192
2454246.0813872 300000.0000000 -0.051310 0.067257 2.869837 1.912704 -0.018800 0.678502 0.460365
2454246.0831235 300000.0000000 -0.055942 0.055529 2.878171 1.910610 -0.037600 0.842492 0.709793
2454246.0832508 300000.0000000 -0.053737 0.063273 2.881383 1.905366 -0.018800 0.854517 0.730200
2454246.0833782 300000.0000000 -0.049840 0.060718 2.878966 1.908587 -0.018800 0.866543 0.750898
2454246.0835055 300000.0000000 -0.057634 0.058057 2.875732 1.912745 -0.028200 0.878569 0.771883
2454246.0836328 300000.0000000 -0.049772 0.062498 2.876500 1.909758 -0.018800 0.890594 0.793157
2454246.0837601 300000.0000000 -0.038679 0.063868 2.876793 1.914968 -0.018800 0.902620 0.814723
2454246.0838875 300000.0000000 -0.058335 0.053320 2.877662 1.910161 -0.037600 0.914645 0.836576
2454246.0840148 300000.0000000 -0.040805 0.069351 2.879170 1.910908 -0.028200 0.926671 0.858720
2454246.0841421 300000.0000000 -0.042375 0.063185 2.877641 1.910242 -0.028200 0.938697 0.881151
2454246.0842694 300000.0000000 -0.037838 0.059601 2.880975 1.912577 -0.037600 0.950722 0.903872
2454246.0843967 300000.0000000 -0.049145 0.062322 2.877818 1.912231 -0.018800 0.962742 0.926873
2454246.0845240 300000.0000000 -0.037701 0.060851 2.880258 1.910748 -0.037600 0.974768 0.950172
2454246.0846514 300000.0000000 -0.041350 0.053258 2.881284 1.909760 -0.028200 0.986794 0.973762
2454246.0863876 300000.0000000 -0.051478 0.071901 2.885593 1.908363 -0.028200 1.150778 1.324290
2454246.0865149 300000.0000000 -0.059218 0.063415 2.884320 1.911113 -0.037600 1.162803 1.352111
2454246.0866422 300000.0000000 -0.044129 0.063147 2.885465 1.912492 -0.047000 1.174828 1.380222
2454246.0867695 300000.0000000 -0.043103 0.062268 2.883958 1.911086 -0.028200 1.186855 1.408624
2454246.0868969 300000.0000000 -0.052844 0.067108 2.884278 1.914112 -0.028200 1.198880 1.437313
2454246.0870242 300000.0000000 -0.039926 0.070409 2.888625 1.910242 -0.028200 1.210905 1.466291
2454246.0871515 300000.0000000 -0.034048 0.065332 2.886059 1.912340 -0.037600 1.222931 1.495561
2454246.0872788 300000.0000000 -0.036116 0.065919 2.883531 1.909821 -0.018800 1.234956 1.525117
2454246.0874062 300000.0000000 -0.044099 0.063245 2.889069 1.910346 -0.018800 1.246983 1.554966
2454246.0875335 300000.0000000 -0.054300 0.067902 2.886160 1.909131 -0.037600 1.259008 1.585101
2454246.0876608 300000.0000000 -0.056215 0.074964 2.886993 1.916986 -0.018800 1.271033 1.615525
2454246.0877881 300000.0000000 -0.031052 0.066223 2.888922 1.912349 -0.037600 1.283059 1.646241
2454246.0879154 300000.0000000 -0.043137 0.073596 2.884691 1.912984 -0.037600 1.295084 1.677244
2454246.0896517 300000.0000000 -0.035188 0.081626 2.888867 1.916859 -0.037600 1.459074 2.128897
2454246.0897791 300000.0000000 -0.036243 0.072438 2.889027 1.909651 -0.047000 1.471100 2.164136
2454246.0899064 300000.0000000 -0.037027 0.069881 2.888595 1.913188 -0.037600 1.483126 2.199662
2454246.0900337 300000.0000000 -0.046843 0.070690 2.891879 1.911519 -0.037600 1.495151 2.235476
2454246.0901610 300000.0000000 -0.034030 0.080926 2.886854 1.916670 -0.028200 1.507177 2.271583
2454246.0902883 300000.0000000 -0.038190 0.078132 2.890928 1.909277 -0.028200 1.519197 2.307958
2454246.0917236 300000.0000000 -0.022653 0.075384 2.891523 1.913926 -0.056400 1.654761 2.738234
2454246.0918509 300000.0000000 -0.032765 0.080596 2.892822 1.911124 -0.037600 1.666786 2.778176
2454246.0919783 300000.0000000 -0.030482 0.076650 2.897279 1.911060 -0.028200 1.678811 2.818408
2454246.0921056 300000.0000000 -0.036536 0.076032 2.894180 1.914009 -0.056400 1.690838 2.858932
2454246.0922329 300000.0000000 -0.027914 0.077624 2.893271 1.917023 -0.028200 1.702863 2.899742
2454246.0923602 300000.0000000 -0.049889 0.072467 2.895848 1.911427 -0.037600 1.714889 2.940844
2454246.0924875 300000.0000000 -0.038173 0.078276 2.895268 1.913844 -0.047000 1.726914 2.982233
2454246.0926149 300000.0000000 -0.019241 0.081681 2.890114 1.913508 -0.037600 1.738939 3.023910
2454246.0927422 300000.0000000 -0.033256 0.087369 2.896421 1.917311 -0.056400 1.750966 3.065881
2454246.0928695 300000.0000000 -0.023456 0.079904 2.893564 1.912068 -0.028200 1.762991 3.108137
2454246.0929969 300000.0000000 -0.018319 0.087611 2.894323 1.915382 -0.028200 1.775017 3.150686
2454246.0931242 300000.0000000 -0.020804 0.080497 2.897005 1.916863 -0.028200 1.787042 3.193520
2454246.0932515 300000.0000000 -0.026427 0.077162 2.896270 1.913977 -0.018800 1.799068 3.236644
2454246.0949877 300000.0000000 -0.022810 0.095114 2.900301 1.914874 -0.047000 1.963052 3.853571
2454246.0951150 300000.0000000 -0.030172 0.085332 2.900193 1.911657 -0.028200 1.975078 3.900932
2454246.0952424 300000.0000000 -0.021120 0.085409 2.901304 1.914056 -0.037600 1.987103 3.948578
2454246.0953697 300000.0000000 -0.020407 0.079152 2.900233 1.915836 -0.037600 1.999128 3.996513
2454246.0954970 300000.0000000 -0.026340 0.087107 2.898807 1.916895 -0.037600 2.011149 4.044719
2454246.0956243 300000.0000000 -0.030416 0.081504 2.897930 1.915540 -0.028200 2.023174 4.093233
2454246.0957516 300000.0000000 -0.021998 0.087641 2.899784 1.913690 -0.056400 2.035200 4.142039
2454246.0958789 300000.0000000 -0.033274 0.082544 2.903128 1.910843 -0.028200 2.047225 4.191132
2454246.0960062 300000.0000000 -0.026422 0.082729 2.896630 1.915777 -0.028200 2.059251 4.240513
2454246.0961336 300000.0000000 -0.034903 0.084674 2.898882 1.920588 -0.018800 2.071277 4.290187
2454246.0962609 300000.0000000 -0.012910 0.083996 2.905579 1.914757 -0.037600 2.083302 4.340147
2454246.0963882 300000.0000000 -0.029456 0.072316 2.901452 1.913890 -0.028200 2.095328 4.390400
2454246.0965155 300000.0000000 -0.034210 0.086719 2.899412 1.905797 -0.037600 2.107353 4.440938
2454246.0982518 300000.0000000 -0.027152 0.101520 2.903282 1.916573 -0.037600 2.271343 5.159000
2454246.0983791 300000.0000000 -0.022218 0.098982 2.906272 1.914088 -0.028200 2.283368 5.213771
2454246.0985065 300000.0000000 -0.034362 0.099358 2.905366 1.918602 -0.037600 2.295395 5.268836
2454246.0986338 300000.0000000 -0.015298 0.095195 2.905422 1.916645 -0.018800 2.307420 5.324186
2454246.0987611 300000.0000000 -0.022589 0.097915 2.904828 1.915687 -0.028200 2.319445 5.379825
2454246.0988884 300000.0000000 -0.041782 0.092374 2.909699 1.912749 -0.028200 2.331471 5.435758
2454246.0990158 300000.0000000 -0.019661 0.099149 2.905904 1.918563 -0.037600 2.343496 5.491975
2454246.0991431 300000.0000000 -0.018083 0.087675 2.906599 1.912426 -0.028200 2.355523 5.548487
2454246.0992704 300000.0000000 -0.014982 0.100275 2.903843 1.917687 -0.028200 2.367548 5.605283
2454246.0993977 300000.0000000 -0.022218 0.092690 2.907306 1.914251 -0.028200 2.379573 5.662368
2454246.0995251 300000.0000000 -0.028683 0.098400 2.907107 1.914301 -0.047000 2.391599 5.719747
2454246.0996524 300000.0000000 -0.018788 0.096914 2.910514 1.914566 -0.047000 2.403624 5.777411
2454246.0997797 300000.0000000 -0.007154 0.103913 2.905386 1.914459 -0.037600 2.415651 5.835368
2454246.1015159 300000.0000000 -0.015903 0.098197 2.904972 1.919053 -0.037600 2.579629 6.654486
2454246.1016432 300000.0000000 -0.003637 0.099478 2.904077 1.913950 -0.028200 2.591654 6.716672
2454246.1017705 300000.0000000 -0.013125 0.100486 2.908343 1.911595 -0.047000 2.603679 6.779147
2454246.1018978 300000.0000000 -0.026654 0.101117 2.905802 1.915827 -0.018800 2.615706 6.841916
2454246.1020252 300000.0000000 -0.019782 0.101726 2.905123 1.918282 -0.037600 2.627731 6.904970
2454246.1021525 300000.0000000 -0.013029 0.105383 2.907498 1.917805 -0.037600 2.639757 6.968317
2454246.1022798 300000.0000000 -0.014745 0.105939 2.903412 1.921240 -0.028200 2.651782 7.031949
2454246.1024071 300000.0000000 -0.025931 0.110135 2.909555 1.919283 -0.037600 2.663808 7.095870
2454246.1370623 300000.0000000 -0.033377 0.119841 2.829242 1.978650 -0.009400 -0.346240 0.119882
2454246.1371896 300000.0000000 -0.032178 0.123497 2.829292 1.978505 -0.018800 -0.334215 0.111700
2454246.1373169 300000.0000000 -0.027019 0.126508 2.830272 1.979686 -0.018800 -0.322189 0.103806
2454246.1374442 300000.0000000 -0.022376 0.118792 2.832852 1.975984 -0.009400 -0.310164 0.096201
2454246.1375715 300000.0000000 -0.044549 0.119778 2.830152 1.973904 -0.028200 -0.298137 0.088886
2454246.1376989 300000.0000000 -0.041539 0.119189 2.828804 1.976680 -0.009400 -0.286112 0.081860
2454246.1378262 300000.0000000 -0.042232 0.119357 2.834847 1.972940 -0.018800 -0.274087 0.075124
2454246.1379535 300000.0000000 -0.041218 0.112267 2.835644 1.971534 -0.009400 -0.262061 0.068676
2454246.1380808 300000.0000000 -0.029034 0.111792 2.834436 1.975119 -0.018800 -0.250036 0.062518
2454246.1382082 300000.0000000 -0.039082 0.118647 2.834149 1.974429 -0.018800 -0.238009 0.056648
2454246.1383355 300000.0000000 -0.044979 0.118162 2.838564 1.978453 -0.037600 -0.225984 0.051069
2454246.1384628 300000.0000000 -0.032884 0.120440 2.836088 1.977509 -0.009400 -0.213959 0.045778
2454246.1385901 300000.0000000 -0.042931 0.118710 2.838174 1.977322 -0.009400 -0.201933 0.040777
2454246.1403264 300000.0000000 -0.041665 0.117797 2.841831 1.976139 0.000000 -0.037949 0.001440
2454246.1404536 300000.0000000 -0.031675 0.110524 2.845627 1.977478 -0.028200 -0.025929 0.000672
2454246.1405809 300000.0000000 -0.033186 0.110976 2.843543 1.976746 -0.018800 -0.013903 0.000193
2454246.1407083 300000.0000000 -0.040855 0.109757 2.847427 1.972566 -0.018800 -0.001878 0.000004
2454246.1408356 300000.0000000 -0.046717 0.111858 2.848193 1.976189 -0.009400 0.010147 0.000103
2454246.1409629 300000.0000000 -0.044747 0.113066 2.845604 1.974317 -0.018800 0.022174 0.000492
2454246.1410902 300000.0000000 -0.055267 0.108285 2.848775 1.971837 0.000000 0.034199 0.001170
2454246.1412176 300000.0000000 -0.028415 0.112085 2.846033 1.975639 -0.028200 0.046225 0.002137
2454246.1413449 300000.0000000 -0.035265 0.112755 2.849103 1.973449 -0.009400 0.058250 0.003393
2454246.1414722 300000.0000000 -0.045564 0.114310 2.852533 1.975476 -0.028200 0.070276 0.004939
2454246.1415995 300000.0000000 -0.043616 0.110503 2.850285 1.974985 -0.009400 0.082302 0.006774
2454246.1417269 300000.0000000 -0.033828 0.118688 2.849862 1.972675 -0.009400 0.094327 0.008898
2454246.1418542 300000.0000000 -0.032149 0.112415 2.849481 1.974923 -0.037600 0.106352 0.011311
2454246.1435905 300000.0000000 -0.035321 0.109082 2.857939 1.975992 -0.009400 0.270342 0.073085
2454246.1437178 300000.0000000 -0.021734 0.113665 2.854265 1.980833 -0.037600 0.282368 0.079732
2454246.1438451 300000.0000000 -0.044035 0.107759 2.860046 1.971119 -0.018800 0.294393 0.086667
2454246.1439724 300000.0000000 -0.040539 0.112082 2.857567 1.976404 -0.018800 0.306418 0.093892
2454246.1440998 300000.0000000 -0.035223 0.109569 2.859260 1.974158 -0.037600 0.318445 0.101407
2454246.1442271 300000.0000000 -0.038789 0.104670 2.857137 1.976279 -0.037600 0.330470 0.109210
2454246.1443544 300000.0000000 -0.028799 0.119697 2.859569 1.980188 -0.047000 0.342496 0.117304
2454246.1444817 300000.0000000 -0.051817 0.108355 2.857117 1.973333 -0.047000 0.354521 0.125685
2454246.1446090 300000.0000000 -0.037901 0.113332 2.857119 1.976915 -0.047000 0.366547 0.134356
2454246.1447364 300000.0000000 -0.035457 0.106619 2.862892 1.969395 -0.028200 0.378573 0.143317
2454246.1448637 300000.0000000 -0.038333 0.102248 2.859360 1.973534 -0.018800 0.390598 0.152567
2454246.1449910 300000.0000000 -0.031002 0.106012 2.863862 1.971898 -0.028200 0.402624 0.162106
2454246.1451184 300000.0000000 -0.042836 0.114316 2.861339 1.977227 -0.056400 0.414649 0.171934
2454246.1468545 300000.0000000 -0.041607 0.108281 2.867687 1.975445 -0.028200 0.578628 0.334810
2454246.1469818 300000.0000000 -0.037491 0.099418 2.872313 1.969946 -0.047000 0.590653 0.348871
2454246.1471092 300000.0000000 -0.035785 0.103746 2.867239 1.974821 -0.028200 0.602679 0.363222
2454246.1472365 300000.0000000 -0.045200 0.104667 2.871895 1.974222 -0.018800 0.614704 0.377861
2454246.1473638 300000.0000000 -0.029596 0.107566 2.868553 1.972980 -0.028200 0.626731 0.392791
2454246.1474911 300000.0000000 -0.036633 0.105204 2.869677 1.969852 -0.009400 0.638756 0.408009
2454246.1476185 300000.0000000 -0.043796 0.103746 2.873887 1.972397 -0.047000 0.650781 0.423516
2454246.1477458 300000.0000000 -0.028513 0.103265 2.874528 1.968579 -0.018800 0.662807 0.439313
2454246.1478731 300000.0000000 -0.039589 0.096265 2.875646 1.973099 -0.047000 0.674832 0.455399
2454246.1480004 300000.0000000 -0.035450 0.103346 2.876103 1.968644 -0.028200 0.686859 0.471775
2454246.1481278 300000.0000000 -0.025747 0.103454 2.872420 1.971506 -0.028200 0.698884 0.488439
2454246.1482551 300000.0000000 -0.030135 0.106088 2.873121 1.974592 -0.037600 0.710909 0.505392
2454246.1483824 300000.0000000 -0.038768 0.100381 2.876015 1.972205 -0.037600 0.722935 0.522635
2454246.1501187 300000.0000000 -0.034241 0.104090 2.881854 1.974235 -0.037600 0.886925 0.786636
2454246.1502460 300000.0000000 -0.036240 0.102392 2.881093 1.971739 -0.018800 0.898950 0.808111
2454246.1503733 300000.0000000 -0.032936 0.101075 2.877811 1.972905 -0.028200 0.910975 0.829876
2454246.1505007 300000.0000000 -0.039319 0.104425 2.883422 1.974901 -0.037600 0.923002 0.851932
2454246.1506280 300000.0000000 -0.032034 0.104940 2.883257 1.971469 -0.037600 0.935027 0.874275
2454246.1507553 300000.0000000 -0.034208 0.103824 2.880759 1.977351 -0.028200 0.947052 0.896908
2454246.1508826 300000.0000000 -0.046144 0.098358 2.885676 1.973239 -0.047000 0.959078 0.919831
2454246.1510099 300000.0000000 -0.044583 0.104518 2.885041 1.972851 -0.028200 0.971103 0.943042
2454246.1511373 300000.0000000 -0.036763 0.099954 2.882969 1.968657 -0.047000 0.983130 0.966544
2454246.1512646 300000.0000000 -0.039689 0.103520 2.883945 1.973940 -0.028200 0.995155 0.990333
2454246.1513919 300000.0000000 -0.039340 0.104066 2.883858 1.968990 -0.037600 1.007181 1.014414
2454246.1515192 300000.0000000 -0.032429 0.097972 2.882971 1.972937 -0.028200 1.019206 1.038781
2454246.1516466 300000.0000000 -0.035730 0.103436 2.881162 1.979587 -0.028200 1.031232 1.063438
2454246.1533827 300000.0000000 -0.036028 0.101621 2.886492 1.970470 -0.028200 1.195210 1.428527
2454246.1535100 300000.0000000 -0.026693 0.103485 2.887389 1.977840 -0.028200 1.207236 1.457419
2454246.1536374 300000.0000000 -0.045226 0.109449 2.889714 1.973902 -0.018800 1.219261 1.486598
2454246.1537647 300000.0000000 -0.034302 0.106065 2.888400 1.973419 -0.037600 1.231288 1.516069
2454246.1538920 300000.0000000 -0.029994 0.102564 2.887959 1.974985 -0.028200 1.243313 1.545827
2454246.1540193 300000.0000000 -0.036527 0.108694 2.889695 1.971075 -0.018800 1.255338 1.575873
2454246.1541467 300000.0000000 -0.036456 0.118209 2.890214 1.975001 -0.047000 1.267364 1.606212
2454246.1542740 300000.0000000 -0.044305 0.112040 2.889417 1.969399 -0.037600 1.279389 1.636837
2454246.1544013 300000.0000000 -0.042680 0.098521 2.886801 1.976499 -0.018800 1.291415 1.667752
2454246.1545286 300000.0000000 -0.035777 0.107115 2.889818 1.972250 -0.028200 1.303441 1.698958
2454246.1546560 300000.0000000 -0.021700 0.104651 2.884314 1.975930 -0.037600 1.315466 1.730451
2454246.1547833 300000.0000000 -0.022690 0.113129 2.891470 1.975084 -0.028200 1.327492 1.762235
2454246.1549106 300000.0000000 -0.026092 0.112073 2.890098 1.979138 -0.009400 1.339517 1.794307
2454246.1566469 300000.0000000 -0.028928 0.110233 2.891488 1.970737 -0.018800 1.503507 2.260534
2454246.1567742 300000.0000000 -0.031252 0.111460 2.894790 1.973025 -0.018800 1.515532 2.296838
2454246.1569015 300000.0000000 -0.028894 0.114369 2.893448 1.976459 -0.009400 1.527559 2.333435
2454246.1570289 300000.0000000 -0.021856 0.109152 2.893369 1.972668 -0.018800 1.539584 2.370318
2454246.1571562 300000.0000000 -0.036477 0.114590 2.895768 1.971250 -0.018800 1.551609 2.407491
2454246.1572835 300000.0000000 -0.032063 0.121850 2.893839 1.979372 -0.009400 1.563635 2.444955
2454246.1574108 300000.0000000 -0.023686 0.120187 2.896022 1.980291 0.000000 1.575660 2.482706
2454246.1575382 300000.0000000 -0.015656 0.116573 2.896123 1.972666 -0.028200 1.587687 2.520749
2454246.1576655 300000.0000000 -0.021958 0.119062 2.895406 1.981593 -0.018800 1.599712 2.559078
2454246.1577928 300000.0000000 -0.020939 0.115278 2.892761 1.975879 -0.018800 1.611737 2.597696
2454246.1579201 300000.0000000 -0.031504 0.121441 2.895497 1.975880 -0.047000 1.623763 2.636607
2454246.1580474 300000.0000000 -0.014351 0.117935 2.894857 1.977006 -0.028200 1.635788 2.675804
2454246.1581748 300000.0000000 -0.023839 0.116155 2.894538 1.976489 -0.018800 1.647814 2.715290
2454246.1599109 300000.0000000 -0.021033 0.117256 2.899866 1.972566 -0.028200 1.811792 3.282590
2454246.1600383 300000.0000000 -0.015343 0.126906 2.901823 1.971400 -0.028200 1.823818 3.326313
2454246.1601656 300000.0000000 -0.012970 0.122688 2.900619 1.974651 -0.018800 1.835843 3.370321
2454246.1602929 300000.0000000 -0.014672 0.128140 2.896166 1.978917 -0.018800 1.847870 3.414622
2454246.1604202 300000.0000000 -0.023297 0.118304 2.896256 1.976544 -0.037600 1.859895 3.459209
2454246.1605475 300000.0000000 -0.035725 0.117534 2.901483 1.977319 -0.028200 1.871920 3.504085
2454246.1606749 300000.0000000 -0.021645 0.119952 2.900266 1.974112 -0.028200 1.883946 3.549254
2454246.1608022 300000.0000000 -0.023583 0.122773 2.902480 1.975025 -0.018800 1.895972 3.594708
2454246.1609295 300000.0000000 -0.033699 0.121493 2.902734 1.974007 -0.018800 1.907998 3.640455
2454246.1610569 300000.0000000 -0.017510 0.125452 2.900466 1.978704 -0.037600 1.920023 3.686488
2454246.1611842 300000.0000000 -0.017715 0.125674 2.899308 1.980507 -0.028200 1.932048 3.732810
2454246.1613115 300000.0000000 -0.019919 0.120526 2.902842 1.975419 -0.018800 1.944074 3.779425
2454246.1614388 300000.0000000 -0.026809 0.113654 2.901428 1.978093 -0.028200 1.956100 3.826326
2454246.1631751 300000.0000000 -0.014223 0.117579 2.902571 1.978765 -0.047000 2.120089 4.494779
2454246.1633024 300000.0000000 -0.015119 0.123965 2.903216 1.970808 -0.028200 2.132115 4.545912
2454246.1634298 300000.0000000 -0.022706 0.130288 2.906070 1.970061 -0.037600 2.144141 4.597339
2454246.1635571 300000.0000000 -0.018230 0.118505 2.904735 1.975164 -0.028200 2.156166 4.649052
2454246.1636844 300000.0000000 -0.024602 0.126275 2.905194 1.978997 -0.037600 2.168192 4.701057
2454246.1638117 300000.0000000 -0.005751 0.125543 2.905357 1.974082 -0.037600 2.180217 4.753348
2454246.1639390 300000.0000000 -0.017736 0.131054 2.904666 1.978583 -0.028200 2.192243 4.805928
2454246.1640664 300000.0000000 -0.015573 0.133246 2.905369 1.978714 -0.018800 2.204269 4.858801
2454246.1641937 300000.0000000 -0.009823 0.127274 2.905950 1.975253 -0.037600 2.216294 4.911959
2454246.1643210 300000.0000000 0.000459 0.131881 2.906823 1.971232 -0.018800 2.228320 4.965411
2454246.1644483 300000.0000000 -0.005742 0.124999 2.905996 1.974262 -0.037600 2.240340 5.019122
2454246.1645756 300000.0000000 -0.010718 0.128306 2.909907 1.973237 -0.028200 2.252365 5.073148
2454246.1647029 300000.0000000 -0.012160 0.136755 2.906800 1.974130 -0.047000 2.264391 5.127467
2454246.1664391 300000.0000000 -0.015181 0.136548 2.908071 1.976398 -0.028200 2.428375 5.897006
2454246.1665665 300000.0000000 -0.026001 0.137058 2.909321 1.973655 -0.037600 2.440400 5.955554
2454246.1666938 300000.0000000 -0.018235 0.131799 2.907960 1.976589 -0.028200 2.452427 6.014396
2454246.1668211 300000.0000000 0.006617 0.133807 2.907207 1.974772 -0.018800 2.464452 6.073523
2454246.1669484 300000.0000000 -0.016524 0.142137 2.907506 1.978435 -0.028200 2.476477 6.132939
2454246.1670758 300000.0000000 -0.005202 0.128051 2.909682 1.970496 -0.037600 2.488503 6.192648
2454246.1672031 300000.0000000 -0.021024 0.135429 2.905872 1.976756 -0.018800 2.500528 6.252643
2454246.1673304 300000.0000000 -0.014734 0.140217 2.908195 1.975667 -0.047000 2.512555 6.312931
2454246.1674577 300000.0000000 -0.004401 0.132414 2.904658 1.980901 -0.018800 2.524580 6.373503
2454246.1675851 300000.0000000 -0.009207 0.136075 2.909616 1.976448 -0.037600 2.536605 6.434366
2454246.1677124 300000.0000000 -0.005087 0.139371 2.907810 1.970365 -0.028200 2.548631 6.495521
2454246.1678397 300000.0000000 -0.005164 0.139244 2.905018 1.974342 -0.018800 2.560657 6.556962
2454246.1679670 300000.0000000 -0.010727 0.132613 2.900786 1.980942 -0.056400 2.572682 6.618691
2454246.2036870 300000.0000000 -0.026668 0.151038 2.835179 1.974233 -0.009400 -0.336792 0.113429
2454246.2038143 300000.0000000 -0.014288 0.150400 2.832310 1.981473 -0.018800 -0.324767 0.105474
2454246.2039417 300000.0000000 -0.014280 0.136339 2.838776 1.975664 -0.028200 -0.312741 0.097807
2454246.2040690 300000.0000000 -0.012453 0.139932 2.838371 1.972405 -0.028200 -0.300716 0.090430
2454246.2041963 300000.0000000 -0.017440 0.135899 2.838436 1.976952 0.000000 -0.288690 0.083342
2454246.2043236 300000.0000000 -0.020435 0.145383 2.837129 1.969861 -0.009400 -0.276664 0.076543
2454246.2044509 300000.0000000 -0.039323 0.144691 2.841460 1.977910 -0.028200 -0.264639 0.070034
2454246.2045783 300000.0000000 -0.021441 0.133879 2.840474 1.976035 -0.028200 -0.252613 0.063813
2454246.2047056 300000.0000000 -0.027057 0.152027 2.840194 1.980179 -0.028200 -0.240587 0.057882
2454246.2048329 300000.0000000 -0.015344 0.145831 2.839111 1.983975 -0.018800 -0.228562 0.052241
2454246.2049602 300000.0000000 -0.030322 0.132156 2.841305 1.976845 -0.028200 -0.216536 0.046888
2454246.2050876 300000.0000000 -0.015052 0.146892 2.840648 1.978740 0.000000 -0.204511 0.041825
2454246.2052149 300000.0000000 -0.027037 0.142861 2.843565 1.975812 -0.009400 -0.192485 0.037050
2454246.2069511 300000.0000000 -0.021623 0.138760 2.848631 1.973168 -0.028200 -0.028502 0.000812
2454246.2070784 300000.0000000 -0.025394 0.144250 2.850855 1.978104 -0.018800 -0.016475 0.000271
2454246.2072058 300000.0000000 -0.022815 0.143723 2.851162 1.978020 -0.018800 -0.004450 0.000020
2454246.2073331 300000.0000000 -0.022805 0.142821 2.851575 1.974482 -0.018800 0.007576 0.000057
2454246.2074604 300000.0000000 -0.029736 0.141675 2.850638 1.973866 -0.028200 0.019601 0.000384
2454246.2075877 300000.0000000 -0.013561 0.135556 2.852564 1.975201 -0.018800 0.031626 0.001000
2454246.2077150 300000.0000000 -0.034498 0.133155 2.851685 1.975873 -0.018800 0.043653 0.001906
2454246.2078424 300000.0000000 -0.032262 0.130964 2.851442 1.973728 -0.009400 0.055678 0.003100
2454246.2079697 300000.0000000 -0.027893 0.136384 2.854962 1.973302 -0.018800 0.067704 0.004584
2454246.2080970 300000.0000000 -0.037789 0.132471 2.851373 1.973231 -0.018800 0.079729 0.006357
2454246.2082243 300000.0000000 -0.020727 0.134320 2.857421 1.976766 -0.018800 0.091755 0.008419
2454246.2083517 300000.0000000 -0.009684 0.136805 2.854896 1.976434 -0.037600 0.103781 0.010770
2454246.2084790 300000.0000000 -0.023685 0.130946 2.856019 1.972262 -0.047000 0.115806 0.013411
2454246.2102152 300000.0000000 -0.019991 0.134472 2.861020 1.974855 -0.037600 0.279790 0.078282
2454246.2103425 300000.0000000 -0.017105 0.136985 2.862973 1.974502 -0.018800 0.291815 0.085156
2454246.2104699 300000.0000000 -0.026903 0.131086 2.860645 1.979224 -0.028200 0.303841 0.092320
2454246.2105972 300000.0000000 -0.029661 0.133917 2.860031 1.977256 -0.018800 0.315867 0.099772
2454246.2107245 300000.0000000 -0.027849 0.125110 2.864667 1.971553 -0.028200 0.327893 0.107514
2454246.2108518 300000.0000000 -0.019834 0.133370 2.865135 1.977070 -0.009400 0.339918 0.115544
2454246.2109792 300000.0000000 -0.025923 0.127751 2.861197 1.974252 -0.037600 0.351943 0.123864
2454246.2111065 300000.0000000 -0.024947 0.128041 2.865366 1.971195 -0.028200 0.363969 0.132474
2454246.2112338 300000.0000000 -0.026287 0.133946 2.866742 1.976009 -0.037600 0.375995 0.141372
2454246.2113611 300000.0000000 -0.012540 0.129502 2.864618 1.977919 -0.028200 0.388021 0.150560
2454246.2114884 300000.0000000 -0.021696 0.127152 2.861922 1.976958 -0.028200 0.400046 0.160037
2454246.2116158 300000.0000000 -0.041796 0.124864 2.866452 1.972145 -0.018800 0.412071 0.169803
2454246.2117431 300000.0000000 -0.033475 0.124730 2.866075 1.970997 -0.037600 0.424098 0.179859
2454246.2134793 300000.0000000 -0.039041 0.131710 2.871720 1.977265 -0.028200 0.588076 0.345833
2454246.2136066 300000.0000000 -0.029634 0.140615 2.878466 1.977189 -0.018800 0.600101 0.360121
2454246.2137339 300000.0000000 -0.025155 0.136163 2.871720 1.975348 -0.018800 0.612127 0.374700
2454246.2138612 300000.0000000 -0.032679 0.122818 2.873394 1.971795 -0.018800 0.624153 0.389566
2454246.2141969 300000.0000000 -0.029028 0.121969 2.877609 1.976556 -0.037600 0.655860 0.430152
2454246.2143243 300000.0000000 -0.037047 0.137212 2.876361 1.972550 -0.028200 0.667886 0.446072
2454246.2144516 300000.0000000 -0.018419 0.125403 2.876788 1.973201 -0.018800 0.679911 0.462279
2454246.2145789 300000.0000000 -0.014265 0.125665 2.875853 1.971512 -0.028200 0.691938 0.478778
2454246.2147062 300000.0000000 -0.022619 0.121590 2.875049 1.978213 -0.018800 0.703963 0.495564
2454246.2148336 300000.0000000 -0.017657 0.127711 2.874459 1.974795 -0.028200 0.715988 0.512639
2454246.2149609 300000.0000000 -0.036914 0.129207 2.876473 1.979927 -0.028200 0.728014 0.530005
2454246.2150882 300000.0000000 -0.032882 0.124448 2.881049 1.970866 -0.028200 0.740039 0.547658
2454246.2152155 300000.0000000 -0.013932 0.127148 2.876375 1.977977 -0.018800 0.752066 0.565603
2454246.2153429 300000.0000000 -0.021692 0.128051 2.877072 1.978355 -0.028200 0.764091 0.583835
2454246.2170791 300000.0000000 -0.019938 0.128399 2.884655 1.973190 -0.028200 0.928075 0.861323
2454246.2172064 300000.0000000 -0.025544 0.122290 2.883840 1.972089 -0.028200 0.940100 0.883788
2454246.2173337 300000.0000000 -0.017446 0.132281 2.885582 1.978753 -0.028200 0.952126 0.906544
2454246.2174611 300000.0000000 -0.018672 0.128890 2.882682 1.974567 -0.037600 0.964152 0.929588
2454246.2175884 300000.0000000 -0.020166 0.128397 2.884388 1.970812 -0.037600 0.976177 0.952921
2454246.2177157 300000.0000000 -0.036488 0.133696 2.886500 1.972373 -0.028200 0.988203 0.976545
2454246.2178430 300000.0000000 -0.034499 0.129302 2.889657 1.969596 -0.028200 1.000228 1.000456
2454246.2179703 300000.0000000 -0.026066 0.121349 2.887755 1.975101 -0.028200 1.012254 1.024659
2454246.2180977 300000.0000000 -0.031106 0.136813 2.886634 1.976319 -0.047000 1.024280 1.049149
2454246.2182250 300000.0000000 -0.033665 0.125461 2.886771 1.972809 -0.047000 1.036305 1.073928
2454246.2183523 300000.0000000 -0.031088 0.134928 2.889156 1.971646 -0.047000 1.048331 1.098998
2454246.2184796 300000.0000000 -0.012162 0.123405 2.886175 1.973176 -0.028200 1.060356 1.124355
2454246.2186070 300000.0000000 -0.023087 0.133047 2.889200 1.974155 -0.037600 1.072382 1.150004
2454246.2203432 300000.0000000 -0.022983 0.134501 2.893416 1.975854 -0.037600 1.236365 1.528600
2454246.2204705 300000.0000000 -0.019442 0.137677 2.891458 1.976149 -0.028200 1.248392 1.558482
2454246.2205978 300000.0000000 -0.028547 0.132992 2.893543 1.968150 -0.037600 1.260417 1.588651
2454246.2207252 300000.0000000 -0.021981 0.125167 2.895221 1.973683 -0.028200 1.272443 1.619111
2454246.2208525 300000.0000000 -0.032196 0.124297 2.891986 1.974350 -0.018800 1.284468 1.649859
2454246.2209798 300000.0000000 -0.007544 0.128899 2.893012 1.975518 -0.047000 1.296494 1.680895
2454246.2211071 300000.0000000 -0.032720 0.132166 2.895013 1.972808 -0.028200 1.308520 1.712224
2454246.2212345 300000.0000000 -0.024425 0.136247 2.895081 1.973684 -0.018800 1.320545 1.743839
2454246.2213618 300000.0000000 -0.027266 0.142340 2.896357 1.975482 -0.047000 1.332571 1.775746
2454246.2214891 300000.0000000 -0.007088 0.142781 2.892943 1.970272 -0.047000 1.344596 1.807939
2454246.2216164 300000.0000000 -0.020674 0.127458 2.890744 1.975677 -0.028200 1.356622 1.840422
2454246.2217437 300000.0000000 -0.024839 0.144291 2.895685 1.971955 -0.047000 1.368648 1.873197
2454246.2218711 300000.0000000 -0.013686 0.132711 2.891599 1.974947 -0.037600 1.380673 1.906258
2454246.2236074 300000.0000000 -0.036430 0.141908 2.897124 1.977350 -0.028200 1.544663 2.385983
2454246.2237347 300000.0000000 -0.017451 0.143744 2.899782 1.971261 -0.037600 1.556688 2.423277
2454246.2238620 300000.0000000 -0.011283 0.130488 2.892682 1.978763 -0.047000 1.568714 2.460864
2454246.2239893 300000.0000000 -0.019056 0.130759 2.897068 1.975465 -0.028200 1.580739 2.498737
2454246.2241166 300000.0000000 -0.013456 0.141140 2.898856 1.977388 -0.047000 1.592766 2.536902
2454246.2242440 300000.0000000 -0.007770 0.140317 2.898671 1.977555 -0.047000 1.604791 2.575353
2454246.2243713 300000.0000000 -0.010106 0.146626 2.896785 1.976687 -0.028200 1.616816 2.614094
2454246.2244986 300000.0000000 -0.017173 0.140868 2.897766 1.976554 -0.037600 1.628842 2.653127
2454246.2246259 300000.0000000 -0.010523 0.133985 2.898162 1.974272 -0.056400 1.640867 2.692446
2454246.2247531 300000.0000000 -0.007973 0.125767 2.899844 1.974777 -0.028200 1.652882 2.732020
2454246.2248805 300000.0000000 -0.018607 0.138723 2.899390 1.981793 -0.018800 1.664907 2.771917
2454246.2250078 300000.0000000 -0.006486 0.147631 2.897565 1.979471 -0.037600 1.676933 2.812103
2454246.2251351 300000.0000000 -0.010683 0.151941 2.899130 1.974067 -0.028200 1.688959 2.852582
2454246.2268714 300000.0000000 -0.009909 0.143117 2.905073 1.975292 -0.028200 1.852949 3.433419
2454246.2269987 300000.0000000 -0.013731 0.142200 2.903479 1.977260 -0.047000 1.864974 3.478127
2454246.2271260 300000.0000000 -0.019382 0.145154 2.904582 1.979314 -0.028200 1.877000 3.523129
2454246.2272534 300000.0000000 -0.012959 0.150059 2.905651 1.976286 -0.037600 1.889025 3.568416
2454246.2273807 300000.0000000 -0.001635 0.140240 2.906366 1.974223 -0.047000 1.901050 3.613993
2454246.2275080 300000.0000000 -0.030076 0.143723 2.904382 1.976868 -0.037600 1.913077 3.659862
2454246.2276353 300000.0000000 -0.008297 0.151136 2.903646 1.979338 -0.037600 1.925102 3.706017
2454246.2277627 300000.0000000 -0.021360 0.148692 2.906915 1.979388 -0.047000 1.937127 3.752461
2454246.2278900 300000.0000000 -0.009327 0.151116 2.904410 1.974823 -0.056400 1.949153 3.799199
2454246.2280173 300000.0000000 -0.010705 0.147127 2.905527 1.979756 -0.037600 1.961179 3.846221
2454246.2281446 300000.0000000 -0.000491 0.141566 2.904526 1.974961 -0.028200 1.973205 3.893537
2454246.2282720 300000.0000000 -0.009401 0.150615 2.906652 1.977637 -0.028200 1.985230 3.941138
2454246.2283993 300000.0000000 -0.019224 0.143822 2.904873 1.973190 -0.028200 1.997255 3.989028
2454246.2301355 300000.0000000 -0.011657 0.144290 2.909871 1.972294 -0.028200 2.161239 4.670955
2454246.2302628 300000.0000000 -0.007026 0.147637 2.906997 1.976397 -0.037600 2.173265 4.723082
2454246.2303902 300000.0000000 -0.004836 0.154895 2.906106 1.978187 -0.037600 2.185291 4.775495
2454246.2305175 300000.0000000 -0.016457 0.151040 2.912103 1.974130 -0.037600 2.197316 4.828197
2454246.2306448 300000.0000000 -0.006327 0.149590 2.909293 1.971571 -0.047000 2.209342 4.881192
2454246.2307721 300000.0000000 -0.019194 0.159981 2.912046 1.973074 -0.037600 2.221367 4.934472
2454246.2308994 300000.0000000 -0.012251 0.157151 2.910719 1.977110 -0.037600 2.233393 4.988046
2454246.2310268 300000.0000000 -0.012519 0.153826 2.911655 1.976777 -0.047000 2.245419 5.041905
2454246.2311541 300000.0000000 -0.006356 0.146211 2.912290 1.973311 -0.028200 2.257444 5.096053
2454246.2312814 300000.0000000 -0.008794 0.148355 2.909691 1.973879 -0.028200 2.269470 5.150495
2454246.2314087 300000.0000000 -0.006341 0.147909 2.913125 1.970634 -0.037600 2.281495 5.205221
2454246.2315361 300000.0000000 -0.005560 0.156443 2.910968 1.975583 -0.037600 2.293521 5.260241
2454246.2316634 300000.0000000 0.000288 0.154066 2.911082 1.974885 -0.028200 2.305547 5.315546
2454246.2333996 300000.0000000 -0.009820 0.151783 2.913165 1.975187 -0.047000 2.469531 6.098582
2454246.2335269 300000.0000000 -0.009479 0.153265 2.912299 1.974671 -0.047000 2.481556 6.158120
2454246.2336543 300000.0000000 -0.000873 0.158700 2.914526 1.977294 -0.037600 2.493582 6.217952
2454246.2337816 300000.0000000 0.000521 0.161332 2.911417 1.978985 -0.047000 2.505607 6.278068
2454246.2339089 300000.0000000 0.006622 0.152017 2.912259 1.972004 -0.047000 2.517633 6.338474
2454246.2340362 300000.0000000 -0.013957 0.155968 2.910547 1.973255 -0.047000 2.529659 6.399174
2454246.2341636 300000.0000000 -0.000964 0.163965 2.910891 1.977207 -0.056400 2.541684 6.460158
2454246.2342909 300000.0000000 -0.015280 0.153675 2.911912 1.977362 -0.056400 2.553710 6.521436
2454246.2344182 300000.0000000 -0.014457 0.163862 2.910127 1.979777 -0.047000 2.565735 6.582998
2454246.2345455 300000.0000000 -0.007890 0.155142 2.911108 1.975408 -0.047000 2.577761 6.644850
2454246.2346728 300000.0000000 -0.007478 0.162606 2.911299 1.979109 -0.037600 2.589787 6.706996
2454246.2348002 300000.0000000 -0.003314 0.160650 2.913673 1.974991 -0.037600 2.601812 6.769426
2454246.2349275 300000.0000000 -0.010929 0.167980 2.910164 1.979164 -0.037600 2.613838 6.832151
2454246.2703117 300000.0000000 0.009061 0.162845 2.838734 1.941696 0.000000 -0.327345 0.107155
2454246.2704391 300000.0000000 0.006915 0.155987 2.841765 1.938809 -0.009400 -0.315319 0.099426
2454246.2705664 300000.0000000 -0.007217 0.157024 2.842290 1.936772 -0.028200 -0.303294 0.091987
2454246.2706937 300000.0000000 0.000216 0.148668 2.843958 1.942274 -0.018800 -0.291267 0.084837
2454246.2708210 300000.0000000 -0.007493 0.147572 2.842320 1.940392 0.000000 -0.279242 0.077976
2454246.2709484 300000.0000000 -0.017014 0.151065 2.843271 1.939419 -0.009400 -0.267217 0.071405
2454246.2710757 300000.0000000 -0.020747 0.146930 2.843060 1.945028 -0.018800 -0.255191 0.065122
2454246.2712030 300000.0000000 -0.026519 0.155412 2.840510 1.942898 -0.009400 -0.243166 0.059129
2454246.2713303 300000.0000000 -0.005095 0.149266 2.841531 1.939210 -0.018800 -0.231139 0.053425
2454246.2714577 300000.0000000 0.000390 0.149381 2.845523 1.934932 -0.028200 -0.219114 0.048011
2454246.2715850 300000.0000000 -0.015302 0.155494 2.844929 1.937614 -0.028200 -0.207089 0.042886
2454246.2717123 300000.0000000 -0.007848 0.159651 2.843789 1.940127 0.000000 -0.195063 0.038049
2454246.2718396 300000.0000000 -0.002193 0.148531 2.846146 1.939549 0.009400 -0.183037 0.033503
2454246.2735758 300000.0000000 -0.018193 0.157607 2.853979 1.938796 -0.009400 -0.019053 0.000363
2454246.2737032 300000.0000000 -0.010983 0.149675 2.851634 1.943712 -0.018800 -0.007028 0.000049
2454246.2738305 300000.0000000 -0.000340 0.147155 2.855300 1.940301 -0.028200 0.004998 0.000025
2454246.2739578 300000.0000000 -0.021515 0.140384 2.855290 1.939406 -0.018800 0.017023 0.000290
2454246.2740852 300000.0000000 -0.011064 0.154093 2.853067 1.941954 0.009400 0.029049 0.000844
2454246.2742125 300000.0000000 -0.009338 0.151059 2.853349 1.937431 -0.009400 0.041075 0.001687
2454246.2743398 300000.0000000 -0.011325 0.138798 2.854471 1.940202 0.000000 0.053100 0.002820
2454246.2744671 300000.0000000 -0.011834 0.148051 2.857438 1.939967 -0.018800 0.065126 0.004241
2454246.2745944 300000.0000000 -0.018945 0.144273 2.857470 1.942036 -0.018800 0.077151 0.005952
2454246.2747218 300000.0000000 -0.017838 0.141652 2.858794 1.941398 -0.018800 0.089176 0.007952
2454246.2748491 300000.0000000 -0.005734 0.143107 2.856332 1.942640 -0.028200 0.101203 0.010242
2454246.2749764 300000.0000000 -0.026064 0.144142 2.854504 1.941912 -0.028200 0.113228 0.012821
2454246.2751037 300000.0000000 -0.010646 0.144224 2.857456 1.935865 -0.028200 0.125254 0.015689
2454246.2768400 300000.0000000 -0.032432 0.144308 2.865228 1.936691 -0.018800 0.289238 0.083659
2454246.2769673 300000.0000000 -0.025826 0.134426 2.866163 1.936793 -0.018800 0.301263 0.090760
2454246.2770946 300000.0000000 -0.001116 0.139983 2.863232 1.935334 -0.028200 0.313289 0.098150
2454246.2772219 300000.0000000 -0.021315 0.137076 2.865874 1.933951 -0.028200 0.325315 0.105830
2454246.2773492 300000.0000000 -0.016318 0.143114 2.866302 1.939587 -0.018800 0.337340 0.113798
2454246.2774766 300000.0000000 -0.020433 0.143393 2.867567 1.941974 -0.028200 0.349366 0.122057
2454246.2776039 300000.0000000 -0.025677 0.144443 2.865295 1.938878 0.000000 0.361391 0.130604
2454246.2777312 300000.0000000 -0.012886 0.140101 2.867215 1.934986 -0.018800 0.373417 0.139440
2454246.2778586 300000.0000000 -0.010367 0.146288 2.867796 1.942401 -0.028200 0.385443 0.148566
2454246.2779859 300000.0000000 -0.013350 0.136093 2.867310 1.940730 -0.028200 0.397468 0.157981
2454246.2781132 300000.0000000 -0.021294 0.140478 2.868507 1.940413 -0.028200 0.409494 0.167686
2454246.2782405 300000.0000000 -0.003224 0.136823 2.867416 1.941733 -0.028200 0.421519 0.177679
2454246.2783678 300000.0000000 -0.024832 0.135390 2.868307 1.937763 -0.047000 0.433545 0.187961
2454246.2801041 300000.0000000 -0.015935 0.131924 2.874890 1.937326 -0.009400 0.597534 0.357047
2454246.2802314 300000.0000000 -0.026207 0.140467 2.876521 1.933763 -0.047000 0.609560 0.371563
2454246.2803588 300000.0000000 -0.004170 0.140803 2.875605 1.933359 -0.028200 0.621586 0.386369
2454246.2804861 300000.0000000 -0.026399 0.136202 2.877187 1.939764 -0.028200 0.633611 0.401463
2454246.2806134 300000.0000000 -0.010833 0.134293 2.876765 1.939347 -0.028200 0.645637 0.416847
2454246.2807407 300000.0000000 -0.021065 0.138174 2.878481 1.936285 -0.028200 0.657662 0.432520
2454246.2808681 300000.0000000 -0.021393 0.131904 2.879801 1.935130 0.000000 0.669689 0.448483
2454246.2809954 300000.0000000 -0.006428 0.133963 2.879491 1.934055 -0.028200 0.681714 0.464734
2454246.2811227 300000.0000000 -0.002674 0.131000 2.877054 1.930404 -0.028200 0.693739 0.481274
2454246.2812500 300000.0000000 -0.013162 0.139543 2.878769 1.936442 -0.028200 0.705765 0.498105
2454246.2813774 300000.0000000 -0.021514 0.134841 2.879158 1.934305 -0.009400 0.717791 0.515223
2454246.2815047 300000.0000000 -0.007433 0.136400 2.880152 1.937674 -0.028200 0.729816 0.532631
2454246.2816320 300000.0000000 -0.019872 0.131170 2.881741 1.933838 -0.028200 0.741842 0.550329
2454246.2833682 300000.0000000 -0.015123 0.128576 2.884606 1.937248 -0.028200 0.905820 0.820510
2454246.2834955 300000.0000000 -0.024223 0.136439 2.888521 1.936184 -0.028200 0.917846 0.842440
2454246.2836228 300000.0000000 -0.023350 0.132150 2.888242 1.938480 -0.018800 0.929872 0.864661
2454246.2837501 300000.0000000 -0.019366 0.133460 2.888151 1.936981 -0.028200 0.941897 0.887170
2454246.2838775 300000.0000000 -0.020364 0.139029 2.889185 1.936880 -0.028200 0.953922 0.909967
2454246.2840048 300000.0000000 -0.013635 0.133911 2.886068 1.939155 -0.028200 0.965948 0.933056
2454246.2841321 300000.0000000 -0.014335 0.136386 2.889406 1.938598 -0.028200 0.977974 0.956432
2454246.2842594 300000.0000000 -0.016194 0.133631 2.889015 1.937528 -0.028200 0.989999 0.980098
2454246.2843868 300000.0000000 -0.009995 0.142000 2.885614 1.939474 -0.047000 1.002025 1.004054
2454246.2845141 300000.0000000 -0.020625 0.128466 2.890226 1.939235 -0.028200 1.014050 1.028298
2454246.2846414 300000.0000000 -0.024716 0.135341 2.894114 1.932315 -0.018800 1.026076 1.052833
2454246.2847687 300000.0000000 -0.019610 0.133686 2.892059 1.934469 -0.037600 1.038102 1.077655
2454246.2848961 300000.0000000 -0.014569 0.129494 2.889733 1.934577 -0.047000 1.050127 1.102766
2454246.2866323 300000.0000000 -0.027185 0.135121 2.893388 1.938816 -0.028200 1.214111 1.474065
2454246.2867596 300000.0000000 -0.019526 0.137401 2.896204 1.937448 -0.047000 1.226137 1.503412
2454246.2868869 300000.0000000 -0.002175 0.139523 2.895937 1.933037 -0.028200 1.238162 1.533046
2454246.2870143 300000.0000000 -0.024016 0.133629 2.895665 1.938731 -0.037600 1.250189 1.562971
2454246.2871416 300000.0000000 -0.031478 0.147094 2.897269 1.939244 -0.018800 1.262214 1.593183
2454246.2872689 300000.0000000 -0.022312 0.141595 2.897469 1.933248 -0.028200 1.274239 1.623685
2454246.2873962 300000.0000000 -0.007620 0.137757 2.894992 1.937266 -0.037600 1.286265 1.654478
2454246.2875235 300000.0000000 -0.009027 0.137728 2.897154 1.934067 -0.047000 1.298290 1.685558
2454246.2876509 300000.0000000 -0.021863 0.136342 2.895436 1.933213 -0.028200 1.310316 1.716927
2454246.2877782 300000.0000000 -0.008482 0.139277 2.894184 1.942605 -0.028200 1.322342 1.748588
2454246.2879055 300000.0000000 -0.011985 0.145888 2.895813 1.937404 -0.028200 1.334367 1.780535
2454246.2880328 300000.0000000 -0.018117 0.141306 2.895137 1.937103 -0.047000 1.346393 1.812775
2454246.2881602 300000.0000000 -0.004311 0.142213 2.896750 1.936413 -0.028200 1.358418 1.845301
2454246.2898964 300000.0000000 0.008329 0.142217 2.898848 1.942224 -0.037600 1.522402 2.317709
2454246.2900237 300000.0000000 -0.007419 0.143667 2.901923 1.936816 -0.028200 1.534428 2.354468
2454246.2901510 300000.0000000 -0.007984 0.145550 2.900151 1.938127 -0.028200 1.546454 2.391520
2454246.2902784 300000.0000000 -0.023277 0.128142 2.899158 1.930747 -0.037600 1.558479 2.428857
2454246.2904057 300000.0000000 -0.006702 0.145005 2.899187 1.943620 -0.028200 1.570504 2.466484
2454246.2905330 300000.0000000 -0.012170 0.148520 2.899786 1.935221 -0.037600 1.582531 2.504403
2454246.2906603 300000.0000000 -0.007829 0.146644 2.901373 1.942576 -0.037600 1.594556 2.542608
2454246.2907876 300000.0000000 -0.016790 0.144079 2.899795 1.940431 -0.037600 1.606582 2.581105
2454246.2909150 300000.0000000 -0.000906 0.143592 2.902953 1.937669 -0.028200 1.618607 2.619889
2454246.2910423 300000.0000000 -0.006504 0.147484 2.904180 1.937485 -0.037600 1.630632 2.658962
2454246.2911696 300000.0000000 -0.004916 0.146527 2.900581 1.942738 -0.028200 1.642659 2.698327
2454246.2912969 300000.0000000 -0.010410 0.145190 2.903107 1.936607 -0.028200 1.654684 2.737978
2454246.2914243 300000.0000000 -0.009999 0.145612 2.899602 1.939845 -0.037600 1.666710 2.777922
2454246.2931605 300000.0000000 -0.008533 0.147811 2.902785 1.939777 -0.028200 1.830700 3.351461
2454246.2932879 300000.0000000 0.005555 0.152385 2.904779 1.945279 -0.028200 1.842725 3.395635
2454246.2934152 300000.0000000 -0.016116 0.144595 2.906124 1.937827 -0.037600 1.854750 3.440098
2454246.2935425 300000.0000000 -0.014180 0.148208 2.908363 1.939905 -0.018800 1.866776 3.484854
2454246.2936698 300000.0000000 -0.001302 0.149733 2.908654 1.938444 -0.028200 1.878802 3.529895
2454246.2937972 300000.0000000 -0.007161 0.151797 2.906264 1.938302 -0.047000 1.890828 3.575229
2454246.2939245 300000.0000000 0.002025 0.151804 2.905763 1.944585 -0.037600 1.902853 3.620849
2454246.2940518 300000.0000000 -0.014021 0.158585 2.910012 1.939236 -0.047000 1.914878 3.666759
2454246.2941791 300000.0000000 -0.010265 0.157118 2.905042 1.939229 -0.047000 1.926904 3.712961
2454246.2943065 300000.0000000 0.001012 0.151734 2.904865 1.936544 -0.037600 1.938930 3.759448
2454246.2944338 300000.0000000 -0.000210 0.148957 2.906518 1.939225 -0.047000 1.950955 3.806225
2454246.2945611 300000.0000000 -0.004116 0.154614 2.909262 1.940410 -0.009400 1.962981 3.853294
2454246.2946884 300000.0000000 -0.016542 0.162825 2.909195 1.939900 -0.047000 1.975006 3.900650
2454246.2964246 300000.0000000 -0.005489 0.162052 2.914897 1.935512 -0.047000 2.138985 4.575255
2454246.2965519 300000.0000000 0.003095 0.154334 2.905674 1.939544 -0.037600 2.151011 4.626848
2454246.2966792 300000.0000000 -0.006269 0.152964 2.912708 1.939733 -0.047000 2.163036 4.678725
2454246.2968066 300000.0000000 -0.005845 0.156828 2.913502 1.941329 -0.037600 2.175061 4.730892
2454246.2969339 300000.0000000 -0.010065 0.159723 2.911009 1.942889 -0.028200 2.187087 4.783351
2454246.2970612 300000.0000000 0.008272 0.152081 2.912953 1.934021 -0.028200 2.199113 4.836097
2454246.2971885 300000.0000000 -0.008460 0.155355 2.912897 1.940569 -0.047000 2.211138 4.889131
2454246.2973159 300000.0000000 -0.002458 0.166528 2.912020 1.939733 -0.037600 2.223164 4.942459
2454246.2974432 300000.0000000 0.008213 0.145208 2.912595 1.942676 -0.056400 2.235189 4.996071
2454246.2975705 300000.0000000 0.005482 0.157356 2.911036 1.933545 -0.056400 2.247215 5.049977
2454246.2976978 300000.0000000 0.000926 0.165325 2.913530 1.941726 -0.028200 2.259241 5.104169
2454246.2978252 300000.0000000 0.000815 0.166787 2.913320 1.941259 -0.056400 2.271266 5.158649
2454246.2979525 300000.0000000 -0.005558 0.162255 2.916254 1.941361 -0.056400 2.283292 5.213423
2454246.2996887 300000.0000000 0.000011 0.159465 2.918905 1.934321 -0.028200 2.447276 5.989161
2454246.2998160 300000.0000000 -0.007743 0.172046 2.917642 1.940986 -0.047000 2.459301 6.048163
2454246.2999433 300000.0000000 -0.010480 0.164860 2.915552 1.943224 -0.047000 2.471328 6.107460
2454246.3000707 300000.0000000 -0.015203 0.172565 2.917629 1.937952 -0.028200 2.483353 6.167041
2454246.3001980 300000.0000000 -0.007470 0.167004 2.912881 1.937468 -0.028200 2.495378 6.226912
2454246.3003253 300000.0000000 -0.010269 0.160486 2.920614 1.937554 -0.037600 2.507404 6.287076
2454246.3004526 300000.0000000 0.000341 0.184626 2.916621 1.942859 -0.047000 2.519429 6.347525
2454246.3005800 300000.0000000 0.001984 0.166104 2.918066 1.935641 -0.037600 2.531455 6.408263
2454246.3007073 300000.0000000 0.008820 0.171331 2.917964 1.938975 -0.047000 2.543481 6.469295
2454246.3008346 300000.0000000 -0.004955 0.167745 2.915600 1.938374 -0.047000 2.555506 6.530612
2454246.3009619 300000.0000000 -0.011291 0.163219 2.914801 1.940709 -0.037600 2.567532 6.592222
2454246.3010893 300000.0000000 0.002408 0.168083 2.914842 1.942592 -0.037600 2.579558 6.654117
2454246.3012166 300000.0000000 -0.002124 0.174395 2.917930 1.941244 -0.047000 2.591583 6.716301
